train: LL, normLL, EMF, normEMF, MSE, normMSE, valid: LL, normLL, EMF, normEMF, MSE, normMSE,
-442.113, -0.344, -399.562, -0.311, -272.827, -0.212, -456.406, -0.355, -402.495, -0.313, -272.947, -0.213
-128.506, -0.100, -107.374, -0.084, -88.398, -0.069, -136.556, -0.106, -108.512, -0.085, -88.378, -0.069
-132.132, -0.103, -92.056, -0.072, -75.246, -0.059, -113.059, -0.088, -93.703, -0.073, -75.721, -0.059
-106.268, -0.083, -83.405, -0.065, -68.056, -0.053, -100.610, -0.078, -85.105, -0.066, -68.605, -0.053
-94.630, -0.074, -77.841, -0.061, -63.453, -0.049, -93.367, -0.073, -79.635, -0.062, -64.029, -0.050
-84.352, -0.066, -73.777, -0.057, -60.029, -0.047, -92.225, -0.072, -75.681, -0.059, -60.683, -0.047
-75.555, -0.059, -70.558, -0.055, -57.419, -0.045, -82.731, -0.064, -72.583, -0.057, -58.098, -0.045
-92.276, -0.072, -68.122, -0.053, -55.388, -0.043, -84.552, -0.066, -70.096, -0.055, -56.022, -0.044
-71.451, -0.056, -66.057, -0.051, -53.709, -0.042, -78.998, -0.062, -68.035, -0.053, -54.342, -0.042
-77.861, -0.061, -64.405, -0.050, -52.304, -0.041, -78.579, -0.061, -66.392, -0.052, -52.963, -0.041
-86.114, -0.067, -62.790, -0.049, -51.016, -0.040, -83.646, -0.065, -64.700, -0.050, -51.608, -0.040
-87.404, -0.068, -61.396, -0.048, -49.892, -0.039, -69.648, -0.054, -63.269, -0.049, -50.444, -0.039
-74.428, -0.058, -60.286, -0.047, -48.946, -0.038, -73.920, -0.058, -62.100, -0.048, -49.461, -0.039
-68.477, -0.053, -59.216, -0.046, -48.065, -0.037, -79.597, -0.062, -61.027, -0.048, -48.555, -0.038
-65.777, -0.051, -58.295, -0.045, -47.267, -0.037, -76.659, -0.060, -60.040, -0.047, -47.730, -0.037
-68.634, -0.053, -57.318, -0.045, -46.509, -0.036, -68.234, -0.053, -59.114, -0.046, -46.980, -0.037
-63.785, -0.050, -56.551, -0.044, -45.840, -0.036, -74.455, -0.058, -58.221, -0.045, -46.234, -0.036
-58.756, -0.046, -55.840, -0.043, -45.242, -0.035, -70.894, -0.055, -57.541, -0.045, -45.644, -0.036
-67.763, -0.053, -55.141, -0.043, -44.654, -0.035, -64.147, -0.050, -56.774, -0.044, -45.023, -0.035
-65.715, -0.051, -54.417, -0.042, -44.064, -0.034, -65.654, -0.051, -56.007, -0.044, -44.407, -0.035
-63.334, -0.049, -53.904, -0.042, -43.649, -0.034, -59.134, -0.046, -55.404, -0.043, -43.932, -0.034
-76.849, -0.060, -53.290, -0.042, -43.105, -0.034, -64.938, -0.051, -54.787, -0.043, -43.394, -0.034
-75.427, -0.059, -52.773, -0.041, -42.660, -0.033, -93.404, -0.073, -54.366, -0.042, -43.005, -0.033
-68.106, -0.053, -52.320, -0.041, -42.262, -0.033, -59.247, -0.046, -53.790, -0.042, -42.530, -0.033
-76.286, -0.059, -51.850, -0.040, -41.880, -0.033, -67.542, -0.053, -53.315, -0.042, -42.131, -0.033
-66.223, -0.052, -51.431, -0.040, -41.510, -0.032, -48.447, -0.038, -52.929, -0.041, -41.781, -0.033
-53.689, -0.042, -51.003, -0.040, -41.161, -0.032, -70.671, -0.055, -52.449, -0.041, -41.405, -0.032
-66.495, -0.052, -50.543, -0.039, -40.777, -0.032, -65.082, -0.051, -52.037, -0.041, -41.041, -0.032
-64.019, -0.050, -50.172, -0.039, -40.453, -0.032, -50.918, -0.040, -51.631, -0.040, -40.691, -0.032
-57.843, -0.045, -49.877, -0.039, -40.153, -0.031, -59.609, -0.046, -51.245, -0.040, -40.359, -0.031
-68.903, -0.054, -49.485, -0.039, -39.846, -0.031, -67.209, -0.052, -50.853, -0.040, -40.049, -0.031
-62.995, -0.049, -49.151, -0.038, -39.554, -0.031, -60.695, -0.047, -50.474, -0.039, -39.726, -0.031
-65.618, -0.051, -48.834, -0.038, -39.258, -0.031, -62.979, -0.049, -50.113, -0.039, -39.411, -0.031
-60.918, -0.047, -48.532, -0.038, -38.986, -0.030, -65.062, -0.051, -49.794, -0.039, -39.138, -0.030
-58.936, -0.046, -48.202, -0.038, -38.709, -0.030, -62.603, -0.049, -49.425, -0.038, -38.833, -0.030
-52.559, -0.041, -47.815, -0.037, -38.416, -0.030, -65.280, -0.051, -49.131, -0.038, -38.585, -0.030
-63.213, -0.049, -47.561, -0.037, -38.188, -0.030, -62.853, -0.049, -48.906, -0.038, -38.349, -0.030
-55.878, -0.044, -47.349, -0.037, -38.010, -0.030, -51.749, -0.040, -48.579, -0.038, -38.106, -0.030
-46.846, -0.036, -47.097, -0.037, -37.760, -0.029, -54.924, -0.043, -48.331, -0.038, -37.869, -0.029
-62.701, -0.049, -46.844, -0.036, -37.531, -0.029, -57.836, -0.045, -48.111, -0.037, -37.673, -0.029
-68.881, -0.054, -46.552, -0.036, -37.305, -0.029, -63.458, -0.049, -47.709, -0.037, -37.383, -0.029
-70.300, -0.055, -46.364, -0.036, -37.106, -0.029, -62.385, -0.049, -47.630, -0.037, -37.244, -0.029
-53.769, -0.042, -46.092, -0.036, -36.872, -0.029, -45.442, -0.035, -47.306, -0.037, -36.987, -0.029
-54.954, -0.043, -45.867, -0.036, -36.693, -0.029, -58.647, -0.046, -47.065, -0.037, -36.802, -0.029
-53.174, -0.041, -45.636, -0.036, -36.502, -0.028, -64.948, -0.051, -46.817, -0.036, -36.609, -0.029
-64.196, -0.050, -45.420, -0.035, -36.307, -0.028, -57.910, -0.045, -46.613, -0.036, -36.400, -0.028
-58.810, -0.046, -45.252, -0.035, -36.143, -0.028, -59.158, -0.046, -46.467, -0.036, -36.256, -0.028
-51.189, -0.040, -45.042, -0.035, -35.957, -0.028, -59.340, -0.046, -46.256, -0.036, -36.080, -0.028
-51.393, -0.040, -44.818, -0.035, -35.772, -0.028, -55.825, -0.043, -45.993, -0.036, -35.864, -0.028
-55.153, -0.043, -44.604, -0.035, -35.600, -0.028, -58.828, -0.046, -45.753, -0.036, -35.666, -0.028
